0 5 0 445 991 455 1001 0
1 10 0 459 988 469 998 0
2 5 0 460 975 470 985 0
3 5 0 460 1000 470 1010 0
4 4 0 469 980 479 990 0
5 4 0 479 1001 489 1011 0
6 4 0 482 963 492 973 0
7 5 0 485 1021 495 1031 0
8 5 0 491 1060 501 1070 0
9 4 0 493 964 503 974 0
10 4 0 511 1070 521 1080 0
11 4 0 513 967 523 977 0
12 4 0 516 876 526 886 2.7506
13 4 0 519 993 529 1003 0
14 4 0 519 1062 529 1072 0
15 4 0 520 1036 530 1046 2.4028
16 5 0 523 853 533 863 0
17 4 0 523 1072 533 1082 0
18 4 0 524 1048 534 1058 0
19 5 0 530 927 540 937 0
20 5 0 533 1271 543 1281 0
21 5 0 534 1081 544 1091 0
22 5 0 534 1257 544 1267 0
23 4 0 535 958 545 968 0
24 4 0 538 908 548 918 4.4549
25 4 0 541 990 551 1000 0
26 4 0 541 1055 551 1065 0
27 4 0 542 898 552 908 0
28 9 0 542 1074 552 1084 0
29 9 0 542 1102 552 1112 0
30 7 0 542 1162 552 1172 0
31 9 0 543 1070 553 1080 0
32 9 0 545 1170 555 1180 0
33 5 0 546 856 556 866 0
34 4 0 546 965 556 975 0
35 9 0 546 1191 556 1201 0
36 4 0 547 888 557 898 0
37 9 0 547 1115 557 1125 0
38 9 0 547 1133 557 1143 0
39 9 0 551 1177 561 1187 2.492
40 4 0 552 987 562 997 0
41 9 0 552 1250 562 1260 0
42 5 0 553 1083 563 1093 0
43 4 0 558 958 568 968 0
44 5 0 560 1315 570 1325 0
45 5 0 562 887 572 897 0
46 4 0 562 1018 572 1028 0
47 5 0 563 837 573 847 0
48 9 0 563 1238 573 1248 0
49 9 0 563 1250 573 1260 0
50 5 0 564 867 574 877 0
51 5 0 564 899 574 909 0
52 4 0 564 1035 574 1045 0
53 9 0 564 1100 574 1110 0
54 4 0 565 1060 575 1070 0
55 9 0 565 1145 575 1155 0
56 9 0 565 1180 575 1190 0
57 4 0 566 910 576 920 6.6646
58 4 0 566 1071 576 1081 0
59 9 0 566 1107 576 1117 0
60 9 0 566 1156 576 1166 0
61 4 0 567 973 577 983 0
62 4 0 567 997 577 1007 0
63 4 0 567 1028 577 1038 0
64 9 0 567 1167 577 1177 0
65 9 0 569 1135 579 1145 0
66 4 0 570 925 580 935 0
67 9 0 570 1201 580 1211 0
68 5 0 573 934 583 944 0
69 5 0 580 836 590 846 0
70 5 0 581 853 591 863 0
71 4 0 582 919 592 929 0
72 4 0 582 964 592 974 0
73 9 0 583 1163 593 1173 0
74 4 0 585 880 595 890 0
75 4 0 587 910 597 920 0
76 9 0 587 1076 597 1086 0
77 5 0 588 771 598 781 4.5388
78 4 0 588 848 598 858 0
79 5 0 589 807 599 817 0
80 9 0 590 1055 600 1065 0
81 9 0 590 1145 600 1155 0
82 9 0 592 1135 602 1145 0
83 4 0 593 1021 603 1031 2.1176
84 9 0 593 1158 603 1168 0
85 9 0 594 1181 604 1191 0
86 4 0 595 829 605 839 0
87 5 0 595 898 605 908 0
88 9 0 595 1084 605 1094 0
89 9 0 598 1197 608 1207 4.0267
90 5 0 599 864 609 874 0
91 9 0 599 1121 609 1131 0
92 9 0 599 1134 609 1144 0
93 9 0 599 1142 609 1152 0
94 9 0 599 1163 609 1173 0
95 9 0 599 1174 609 1184 0
96 9 0 599 1257 609 1267 0
97 5 0 600 739 610 749 0
98 9 0 600 1152 610 1162 0
99 9 0 600 1187 610 1197 0
100 9 0 600 1218 610 1228 0
101 4 0 601 877 611 887 0
102 4 0 601 1035 611 1045 0
103 4 0 604 980 614 990 0
104 8 0 609 807 619 817 0
105 5 0 610 1020 620 1030 0
106 4 0 610 1060 620 1070 0
107 9 0 610 1090 620 1100 0
108 9 0 610 1200 620 1210 3.9146
109 9 0 610 1210 620 1220 0
110 8 0 611 781 621 791 0
111 8 0 611 838 621 848 0
112 9 0 611 1172 621 1182 0
113 4 0 614 1040 624 1050 0
114 4 0 615 899 625 909 0
115 4 0 616 890 626 900 0
116 4 0 616 982 626 992 0
117 9 0 616 1151 626 1161 0
118 4 0 617 881 627 891 0
119 4 0 617 1054 627 1064 0
120 9 0 617 1129 627 1139 0
121 9 0 617 1181 627 1191 0
122 9 0 617 1210 627 1220 0
123 9 0 617 1235 627 1245 0
124 9 0 617 1274 627 1284 0
125 8 0 618 819 628 829 0
126 9 0 618 1168 628 1178 0
127 9 0 618 1214 628 1224 0
128 8 0 619 779 629 789 0
129 4 0 619 905 629 915 0
130 4 0 620 924 630 934 0
131 8 0 622 806 632 816 0
132 4 0 623 932 633 942 0
133 5 0 623 987 633 997 0
134 4 0 624 948 634 958 0
135 4 0 624 1020 634 1030 0
136 5 0 624 1044 634 1054 0
137 9 0 624 1208 634 1218 2.3013
138 9 0 625 1191 635 1201 0
139 9 0 626 1116 636 1126 0
140 4 0 627 882 637 892 0
141 8 0 629 765 639 775 0
142 5 0 629 897 639 907 0
143 5 0 630 901 640 911 0
144 9 0 630 1203 640 1213 0
145 5 0 631 1050 641 1060 0
146 9 0 631 1133 641 1143 0
147 9 0 631 1183 641 1193 0
148 8 0 632 779 642 789 2.0423
149 8 0 632 786 642 796 0
150 9 0 632 1065 642 1075 0
151 9 0 632 1145 642 1155 0
152 9 0 632 1196 642 1206 0
153 8 0 633 823 643 833 0
154 9 0 633 1092 643 1102 0
155 5 0 634 1017 644 1027 0
156 5 0 636 914 646 924 0
157 9 0 637 1080 647 1090 0
158 5 0 638 986 648 996 0
159 5 0 640 924 650 934 0
160 9 0 640 1121 650 1131 0
161 9 0 640 1210 650 1220 0
162 5 0 640 1385 650 1395 0
163 9 0 641 1149 651 1159 0
164 9 0 641 1225 651 1235 0
165 9 0 642 1238 652 1248 0
166 8 0 644 811 654 821 0
167 8 0 645 736 655 746 0
168 5 0 645 892 655 902 1.8293
169 8 0 646 766 656 776 1.5736
170 8 0 646 771 656 781 0
171 4 0 646 881 656 891 2.1321
172 4 0 646 986 656 996 0
173 5 0 646 1016 656 1026 0
174 9 0 646 1097 656 1107 0
175 9 0 647 1152 657 1162 0
176 8 0 648 783 658 793 0
177 8 0 649 823 659 833 0
178 8 0 649 828 659 838 0
179 9 0 649 1199 659 1209 0
180 2 0 649 1260 659 1270 0
181 4 0 650 858 660 868 0
182 9 0 650 1230 660 1240 0
183 9 0 651 1064 661 1074 0
184 2 0 651 1287 661 1297 0
185 4 0 652 910 662 920 0
186 9 0 653 1129 663 1139 0
187 9 0 654 1080 664 1090 0
188 2 0 654 1275 664 1285 0
189 9 0 655 1084 665 1094 0
190 9 0 655 1187 665 1197 0
191 5 0 656 985 666 995 0
192 9 0 656 1104 666 1114 0
193 4 0 658 918 668 928 0
194 4 0 660 1324 670 1334 0
195 4 0 661 875 671 885 0
196 9 0 661 1132 671 1142 0
197 2 0 661 1283 671 1293 0
198 4 0 662 1042 672 1052 0
199 9 0 662 1174 672 1184 2.915
200 2 0 662 1263 672 1273 0
201 8 0 663 708 673 718 2.0801
202 4 0 663 1028 673 1038 2.2503
203 9 0 663 1146 673 1156 0
204 4 0 664 902 674 912 1.5431
205 4 0 664 1019 674 1029 0
206 8 0 665 827 675 837 0
207 4 0 665 887 675 897 0
208 4 0 665 916 675 926 0
209 8 0 666 756 676 766 0
210 8 0 666 763 676 773 0
211 8 0 666 777 676 787 0
212 4 0 666 928 676 938 0
213 4 0 667 1066 677 1076 2.0613
214 8 0 668 790 678 800 0
215 5 0 668 1413 678 1423 0
216 5 0 669 981 679 991 0
217 8 0 670 834 680 844 0
218 2 0 670 1111 680 1121 0
219 8 0 671 811 681 821 0
220 8 0 672 847 682 857 0
221 8 0 673 903 683 913 0
222 9 0 677 1088 687 1098 1.8037
223 8 0 679 873 689 883 0
224 8 0 681 748 691 758 0
225 5 0 681 1027 691 1037 0
226 2 0 681 1289 691 1299 0
227 5 0 682 909 692 919 0
228 8 0 683 764 693 774 0
229 8 0 683 774 693 784 0
230 8 0 684 787 694 797 0
231 2 0 684 1172 694 1182 0
232 2 0 684 1202 694 1212 0
233 2 0 684 1257 694 1267 0
234 8 0 685 716 695 726 0
235 2 0 685 1214 695 1224 0
236 2 0 686 1136 696 1146 0
237 2 0 686 1182 696 1192 0
238 8 0 687 805 697 815 0
239 8 0 687 823 697 833 0
240 4 0 687 888 697 898 0
241 9 0 687 1068 697 1078 0
242 4 0 688 858 698 868 0
243 4 0 688 954 698 964 0
244 8 0 689 779 699 789 0
245 2 0 690 1092 700 1102 0
246 2 0 690 1147 700 1157 4.9315
247 8 0 691 752 701 762 0
248 2 0 691 1114 701 1124 0
249 4 0 692 978 702 988 0
250 2 0 692 1198 702 1208 0
251 4 0 693 882 703 892 6.5552
252 4 0 694 1045 704 1055 0
253 2 0 698 1283 708 1293 0
254 8 0 699 778 709 788 0
255 2 0 699 1077 709 1087 0
256 2 0 699 1316 709 1326 0
257 4 0 699 1349 709 1359 0
258 4 0 700 938 710 948 0
259 8 0 701 809 711 819 0
260 2 0 701 1132 711 1142 0
261 4 0 702 886 712 896 0
262 4 0 702 988 712 998 0
263 8 0 703 749 713 759 0
264 2 0 704 1119 714 1129 0
265 4 0 705 983 715 993 0
266 4 0 706 921 716 931 0
267 4 0 706 1050 716 1060 0
268 8 0 707 817 717 827 0
269 4 0 708 897 718 907 0
270 8 0 709 769 719 779 0
271 4 0 710 929 720 939 0
272 4 0 710 948 720 958 0
273 2 0 710 1121 720 1131 0
274 2 0 710 1192 720 1202 2.7905
275 2 0 710 1253 720 1263 1.6223
276 8 0 711 806 721 816 0
277 8 0 711 856 721 866 0
278 4 0 711 1026 721 1036 0
279 4 0 711 1033 721 1043 0
280 2 0 711 1184 721 1194 0
281 4 0 712 890 722 900 0
282 2 0 712 1084 722 1094 0
283 2 0 712 1095 722 1105 0
284 2 0 712 1210 722 1220 0
285 8 0 713 723 723 733 0
286 2 0 713 1108 723 1118 5.4044
287 2 0 713 1137 723 1147 0
288 2 0 713 1149 723 1159 0
289 2 0 713 1218 723 1228 0
290 2 0 713 1267 723 1277 0
291 8 0 714 877 724 887 0
292 2 0 714 1134 724 1144 0
293 2 0 714 1174 724 1184 0
294 2 0 714 1278 724 1288 3.6511
295 4 0 714 1345 724 1355 0
296 8 0 715 868 725 878 0
297 2 0 715 1315 725 1325 0
298 5 0 717 985 727 995 0
299 8 0 719 757 729 767 0
300 2 0 721 1274 731 1284 0
301 5 0 723 927 733 937 0
302 8 0 725 740 735 750 0
303 2 0 725 1061 735 1071 0
304 2 0 725 1102 735 1112 0
305 2 0 725 1220 735 1230 2.5796
306 2 0 725 1228 735 1238 0
307 2 0 725 1253 735 1263 0
308 8 0 726 876 736 886 0
309 2 0 726 1196 736 1206 0
310 2 0 726 1206 736 1216 0
311 4 0 727 1041 737 1051 0
312 2 0 727 1177 737 1187 0
313 8 0 728 882 738 892 0
314 2 0 728 1081 738 1091 2.72
315 4 0 730 905 740 915 0
316 4 0 731 934 741 944 0
317 8 0 732 807 742 817 0
318 8 0 732 854 742 864 0
319 4 0 732 920 742 930 0
320 2 0 732 1089 742 1099 0
321 8 0 733 741 743 751 0
322 8 0 733 797 743 807 0
323 8 0 733 836 743 846 0
324 2 0 733 1198 743 1208 0
325 2 0 733 1249 743 1259 0
326 8 0 734 722 744 732 0
327 8 0 734 726 744 736 3.7289
328 8 0 734 750 744 760 0
329 8 0 734 755 744 765 0
330 8 0 734 763 744 773 0
331 8 0 734 786 744 796 0
332 4 0 734 1036 744 1046 0
333 2 0 734 1186 744 1196 1.9242
334 8 0 735 733 745 743 0
335 8 0 735 864 745 874 1.5232
336 4 0 735 1019 745 1029 0
337 2 0 736 1307 746 1317 0
338 2 0 738 1099 748 1109 6.1447
339 8 0 739 828 749 838 0
340 8 0 741 850 751 860 0
341 8 0 741 877 751 887 0
342 5 0 741 911 751 921 0
343 8 0 742 863 752 873 0
344 2 0 742 1060 752 1070 3.5455
345 8 0 743 839 753 849 0
346 2 0 744 1119 754 1129 0
347 8 0 745 845 755 855 0
348 8 0 745 889 755 899 0
349 2 0 745 1090 755 1100 0
350 2 0 746 1323 756 1333 6.1556
351 8 0 750 706 760 716 3.2046
352 8 0 750 890 760 900 0
353 8 0 751 689 761 699 2.1084
354 8 0 751 698 761 708 0
355 8 0 751 718 761 728 0
356 8 0 751 726 761 736 0
357 8 0 751 735 761 745 0
358 8 0 751 787 761 797 0
359 8 0 752 744 762 754 0
360 8 0 752 873 762 883 0
361 8 0 753 769 763 779 0
362 2 0 754 1091 764 1101 0
363 2 0 754 1148 764 1158 0
364 8 0 756 822 766 832 0
365 2 0 756 1254 766 1264 0
366 8 0 757 848 767 858 0
367 8 0 757 882 767 892 0
368 2 0 757 1067 767 1077 0
369 4 0 758 913 768 923 2.1867
370 4 0 758 924 768 934 0
371 2 0 758 1264 768 1274 3.0478
372 2 0 758 1291 768 1301 0
373 2 0 758 1307 768 1317 0
374 4 0 759 992 769 1002 0
375 2 0 760 1332 770 1342 0
376 4 0 761 947 771 957 0
377 2 0 761 1132 771 1142 0
378 2 0 761 1174 771 1184 0
379 8 0 762 680 772 690 0
380 8 0 762 714 772 724 1.564
381 8 0 762 741 772 751 0
382 2 0 762 1203 772 1213 2.0771
383 8 0 763 719 773 729 0
384 8 0 763 728 773 738 0
385 8 0 763 838 773 848 0
386 4 0 764 903 774 913 1.4796
387 2 0 764 1103 774 1113 0
388 2 0 764 1124 774 1134 0
389 8 0 765 761 775 771 0
390 8 0 765 774 775 784 0
391 8 0 765 847 775 857 0
392 2 0 765 1072 775 1082 0
393 2 0 765 1208 775 1218 2.7454
394 2 0 765 1236 775 1246 0
395 8 0 766 753 776 763 0
396 8 0 766 810 776 820 0
397 8 0 766 860 776 870 0
398 4 0 766 927 776 937 0
399 4 0 766 987 776 997 3.6652
400 4 0 766 996 776 1006 0
401 2 0 767 1291 777 1301 0
402 4 0 768 1022 778 1032 0
403 2 0 768 1190 778 1200 0
404 2 0 768 1338 778 1348 0
405 2 0 769 1151 779 1161 0
406 4 0 770 1034 780 1044 0
407 8 0 771 873 781 883 0
408 2 0 773 1160 783 1170 0
409 4 0 774 926 784 936 0
410 8 0 775 797 785 807 3.605
411 8 0 775 895 785 905 0
412 4 0 775 952 785 962 0
413 4 0 775 989 785 999 2.0388
414 4 0 775 1020 785 1030 0
415 2 0 775 1081 785 1091 0
416 2 0 775 1241 785 1251 0
417 2 0 775 1284 785 1294 0
418 8 0 776 839 786 849 0
419 2 0 776 1104 786 1114 0
420 2 0 776 1127 786 1137 0
421 4 0 776 1373 786 1383 3.4243
422 8 0 777 807 787 817 0
423 8 0 777 851 787 861 0
424 2 0 777 1090 787 1100 0
425 2 0 777 1151 787 1161 0
426 2 0 777 1256 787 1266 0
427 2 0 777 1290 787 1300 0
428 2 0 777 1313 787 1323 0
429 2 0 777 1333 787 1343 0
430 4 0 777 1359 787 1369 0
431 2 0 778 1324 788 1334 0
432 8 0 779 881 789 891 3.1184
433 4 0 779 1034 789 1044 0
434 8 0 780 809 790 819 0
435 2 0 780 1185 790 1195 0
436 8 0 781 694 791 704 0
437 8 0 781 720 791 730 2.2264
438 4 0 781 912 791 922 0
439 2 0 781 1050 791 1060 0
440 8 0 784 731 794 741 0
441 2 0 785 1138 795 1148 0
442 2 0 785 1179 795 1189 0
443 2 0 785 1200 795 1210 0
444 2 0 786 1225 796 1235 0
445 8 0 787 888 797 898 3.1046
446 2 0 787 1162 797 1172 0
447 4 0 788 785 798 795 4.9659
448 8 0 788 807 798 817 0
449 2 0 789 1148 799 1158 0
450 4 0 789 1437 799 1447 0
451 2 0 790 1121 800 1131 0
452 2 0 790 1170 800 1180 0
453 2 0 791 1067 801 1077 0
454 2 0 792 1082 802 1092 0
455 2 0 793 1188 803 1198 0
456 4 0 794 742 804 752 0
457 4 0 794 796 804 806 0
458 4 0 794 944 804 954 0
459 4 0 795 730 805 740 0
460 4 0 795 879 805 889 0
461 4 0 796 820 806 830 2.4153
462 8 0 796 846 806 856 0
463 4 0 796 866 806 876 0
464 2 0 796 1196 806 1206 0
465 4 0 796 1347 806 1357 3.6236
466 2 0 797 1105 807 1115 0
467 2 0 797 1211 807 1221 0
468 4 0 798 829 808 839 0
469 4 0 798 907 808 917 0
470 2 0 798 1269 808 1279 0
471 2 0 798 1322 808 1332 1.8852
472 4 0 799 709 809 719 0
473 4 0 799 775 809 785 0
474 4 0 800 782 810 792 0
475 4 0 800 893 810 903 1.8802
476 4 0 801 764 811 774 0
477 2 0 802 1175 812 1185 0
478 2 0 802 1222 812 1232 1.6981
479 2 0 802 1313 812 1323 0
480 2 0 803 1277 813 1287 0
481 4 0 804 921 814 931 0
482 2 0 804 1113 814 1123 6.1351
483 2 0 804 1140 814 1150 0
484 2 0 805 1261 815 1271 0
485 2 0 805 1294 815 1304 1.1967
486 2 0 806 1125 816 1135 0
487 2 0 808 1167 818 1177 0
488 2 0 809 1245 819 1255 0
489 2 0 810 1156 820 1166 0
490 4 0 811 905 821 915 0
491 4 0 812 707 822 717 0
492 4 0 812 760 822 770 0
493 4 0 812 828 822 838 0
494 2 0 812 1077 822 1087 0
495 2 0 812 1216 822 1226 0
496 4 0 813 839 823 849 2.2894
497 5 0 814 868 824 878 0
498 2 0 814 1187 824 1197 0
499 4 0 815 686 825 696 0
500 4 0 816 741 826 751 0
501 4 0 817 753 827 763 0
502 2 0 818 1185 828 1195 0
503 4 0 820 807 830 817 0
504 4 0 821 774 831 784 1.9506
505 2 0 821 1124 831 1134 0
506 2 0 822 1230 832 1240 0
507 4 0 822 1347 832 1357 0
508 2 0 823 1161 833 1171 0
509 2 0 823 1202 833 1212 0
510 2 0 823 1213 833 1223 0
511 2 0 823 1226 833 1236 0
512 2 0 823 1255 833 1265 0
513 4 0 823 1331 833 1341 0
514 4 0 823 1356 833 1366 0
515 4 0 824 731 834 741 0
516 2 0 824 1238 834 1248 0
517 5 0 825 857 835 867 0
518 2 0 825 1174 835 1184 0
519 2 0 825 1194 835 1204 0
520 4 0 825 1289 835 1299 0
521 5 0 826 836 836 846 0
522 2 0 826 1138 836 1148 0
523 4 0 828 987 838 997 0
524 5 0 829 764 839 774 1.8927
525 5 0 829 779 839 789 0
526 4 0 829 788 839 798 0
527 4 0 829 798 839 808 1.6174
528 4 0 829 898 839 908 1.477
529 4 0 830 720 840 730 0
530 5 0 830 748 840 758 0
531 2 0 830 1103 840 1113 0
532 4 0 830 1300 840 1310 3.127
533 4 0 831 893 841 903 0
534 4 0 835 812 845 822 0
535 4 0 835 833 845 843 0
536 4 0 835 846 845 856 0
537 4 0 836 706 846 716 1.3177
538 4 0 840 813 850 823 0
539 2 0 840 1116 850 1126 0
540 4 0 841 747 851 757 6.0729
541 5 0 841 760 851 770 0
542 5 0 841 770 851 780 0
543 5 0 842 796 852 806 0
544 4 0 843 824 853 834 0
545 4 0 847 683 857 693 2.5902
546 4 0 847 728 857 738 0
547 4 0 850 781 860 791 0
548 4 0 851 711 861 721 2.6571
549 4 0 854 651 864 661 0
550 4 0 854 740 864 750 0
551 4 0 854 810 864 820 0
552 4 0 855 690 865 700 0
553 4 0 855 722 865 732 0
554 4 0 855 806 865 816 0
555 4 0 855 835 865 845 0
556 4 0 855 1202 865 1212 0
557 4 0 860 1210 870 1220 0
558 4 0 861 787 871 797 0
559 4 0 861 1191 871 1201 3.9447
560 4 0 862 665 872 675 0
561 4 0 862 717 872 727 0
562 4 0 862 1253 872 1263 0
563 4 0 863 729 873 739 0
564 4 0 863 854 873 864 0
565 4 0 863 1182 873 1192 1.8719
566 4 0 863 1361 873 1371 0
567 4 0 864 814 874 824 0
568 4 0 864 825 874 835 0
569 4 0 865 762 875 772 0
570 4 0 866 847 876 857 0
571 4 0 867 1087 877 1097 0
572 4 0 867 1306 877 1316 0
573 4 0 868 770 878 780 0
574 4 0 869 703 879 713 0
575 4 0 869 752 879 762 0
576 4 0 869 808 879 818 0
577 4 0 869 1277 879 1287 0
578 4 0 869 1332 879 1342 0
579 4 0 871 671 881 681 0
580 4 0 871 831 881 841 0
581 4 0 871 1114 881 1124 0
582 4 0 871 1211 881 1221 0
583 4 0 872 623 882 633 0
584 4 0 872 647 882 657 0
585 4 0 872 782 882 792 0
586 4 0 872 1166 882 1176 0
587 4 0 872 1200 882 1210 0
588 4 0 872 1230 882 1240 0
589 4 0 872 1294 882 1304 0
590 4 0 872 1340 882 1350 0
591 5 0 873 714 883 724 0
592 5 0 873 819 883 829 0
593 5 0 873 1018 883 1028 0
594 4 0 873 1250 883 1260 1.4486
595 4 0 874 902 884 912 0
596 5 0 874 1179 884 1189 0
597 4 0 874 1306 884 1316 0
598 4 0 874 1411 884 1421 0
599 4 0 875 1260 885 1270 0
600 4 0 875 1389 885 1399 0
601 4 0 879 893 889 903 2.6641
602 4 0 881 882 891 892 1.3178
603 5 0 884 775 894 785 2.4706
604 4 0 884 990 894 1000 2.0491
605 5 0 884 1189 894 1199 0
606 4 0 885 642 895 652 1.6856
607 4 0 885 684 895 694 0
608 4 0 885 875 895 885 0
609 4 0 885 1126 895 1136 0
610 5 0 887 1176 897 1186 0
611 4 0 889 693 899 703 0
612 4 0 889 768 899 778 0
613 4 0 891 859 901 869 0
614 5 0 891 1040 901 1050 1.9952
615 4 0 892 719 902 729 0
616 4 0 892 733 902 743 0
617 4 0 892 781 902 791 0
618 4 0 893 635 903 645 0
619 4 0 893 855 903 865 0
620 5 0 893 1340 903 1350 0
621 4 0 894 1316 904 1326 0
622 4 0 894 1330 904 1340 5.8956
623 4 0 895 673 905 683 0
624 4 0 895 742 905 752 2.8803
625 4 0 895 1095 905 1105 0
626 5 0 895 1412 905 1422 0
627 4 0 896 660 906 670 0
628 4 0 900 726 910 736 1.8931
629 4 0 902 693 912 703 0
630 5 0 902 762 912 772 0
631 4 0 902 803 912 813 2.4971
632 5 0 902 922 912 932 0
633 4 0 903 653 913 663 1.3489
634 4 0 903 736 913 746 1.9367
635 5 0 904 1135 914 1145 0
636 4 0 904 1338 914 1348 0
637 4 0 905 681 915 691 0
638 4 0 905 714 915 724 0
639 4 0 905 1158 915 1168 0
640 4 0 906 837 916 847 0
641 4 0 906 1121 916 1131 0
642 4 0 907 747 917 757 0
643 4 0 908 1109 918 1119 0
644 4 0 912 1241 922 1251 0
645 4 0 912 1263 922 1273 2.3705
646 4 0 915 989 925 999 0
1965 1 0 1920 937 1930 947 0
648 4 0 918 870 928 880 0
649 10 0 918 894 928 904 0
650 4 0 919 855 929 865 0
651 4 0 920 1407 930 1417 0
652 4 0 921 1191 931 1201 0
653 4 0 922 1020 932 1030 0
654 4 0 924 708 934 718 0
655 5 0 924 1166 934 1176 0
656 4 0 926 808 936 818 0
657 11 0 926 1121 936 1131 0
1964 1 0 1920 930 1930 940 0
659 4 0 929 851 939 861 0
660 5 0 930 843 940 853 0
661 4 0 930 876 940 886 0
662 4 0 930 1048 940 1058 0
663 4 0 931 871 941 881 0
664 11 0 934 1097 944 1107 3.0065
665 4 0 939 990 949 1000 4.0062
666 4 0 939 1248 949 1258 0
667 4 0 940 758 950 768 0
668 4 0 944 1263 954 1273 0
669 10 0 945 935 955 945 7.3135
670 4 0 946 876 956 886 0
671 4 0 947 1293 957 1303 0
672 4 0 947 1383 957 1393 0
673 4 0 950 883 960 893 2.7405
674 10 0 951 919 961 929 0
675 4 0 955 1019 965 1029 0
676 4 0 955 1075 965 1085 0
677 10 0 957 812 967 822 0
678 10 0 957 942 967 952 0
679 5 0 960 823 970 833 0
680 10 0 960 908 970 918 0
681 5 0 962 758 972 768 0
1949 1 0 1890 917 1900 927 0
683 4 0 963 1026 973 1036 0
684 4 0 963 1327 973 1337 0
685 4 0 964 934 974 944 0
686 4 0 964 1045 974 1055 0
687 4 0 966 1088 976 1098 0
688 5 0 967 881 977 891 0
689 10 0 969 794 979 804 2.6758
690 4 0 969 869 979 879 0
691 4 0 970 1107 980 1117 0
692 10 0 971 960 981 970 6.443
693 4 0 972 1051 982 1061 0
694 10 0 973 778 983 788 0
695 10 0 974 813 984 823 0
696 4 0 975 979 985 989 0
697 4 0 975 1122 985 1132 1.682
698 4 0 975 1133 985 1143 0
699 5 0 979 863 989 873 0
700 4 0 979 1210 989 1220 0
1948 1 0 1890 909 1900 919 0
1923 1 0 1854 920 1864 930 0
1973 1 0 1935 1081 1945 1091 0
704 4 0 981 1150 991 1160 0
1913 1 0 1837 1108 1847 1118 0
706 10 0 982 943 992 953 2.3277
1974 1 0 1937 940 1947 950 0
1919 1 0 1847 1101 1857 1111 0
1928 1 0 1867 927 1877 937 0
710 10 0 985 754 995 764 0
711 10 0 985 813 995 823 0
712 10 0 985 828 995 838 0
713 4 0 987 990 997 1000 0
714 4 0 987 1154 997 1164 0
715 4 0 987 1182 997 1192 0
1963 1 0 1919 1091 1929 1101 0
717 10 0 988 773 998 783 0
718 10 0 991 787 1001 797 0
719 4 0 991 1028 1001 1038 0
1976 1 0 1940 959 1950 969 0
721 10 0 993 847 1003 857 0
722 4 0 993 1085 1003 1095 0
1952 1 0 1908 1095 1918 1105 0
724 4 0 995 985 1005 995 0
725 4 0 995 1108 1005 1118 0
726 4 0 996 1054 1006 1064 0
727 10 0 997 699 1007 709 0
728 4 0 997 1046 1007 1056 0
729 4 0 997 1062 1007 1072 0
730 5 0 997 1123 1007 1133 0
1950 1 0 1907 949 1917 959 0
732 4 0 998 944 1008 954 0
733 4 0 998 1019 1008 1029 0
734 5 0 998 1186 1008 1196 0
735 4 0 998 1199 1008 1209 0
1979 1 0 1951 953 1961 963 0
737 10 0 999 827 1009 837 2.107
738 4 0 999 1137 1009 1147 0
739 4 0 999 1149 1009 1159 1.7263
740 10 0 1001 838 1011 848 0
1903 1 0 1811 1121 1821 1131 0
1895 1 0 1801 1116 1811 1126 0
743 4 0 1005 1129 1015 1139 0
744 4 0 1005 1149 1015 1159 0
1951 1 0 1907 1091 1917 1101 0
746 5 0 1006 1054 1016 1064 0
747 5 0 1007 1337 1017 1347 0
1901 1 0 1810 1112 1820 1122 0
749 5 0 1008 1357 1018 1367 0
750 5 0 1009 1010 1019 1020 0
751 11 0 1009 1172 1019 1182 0
1916 1 0 1845 1093 1855 1103 0
753 10 0 1010 818 1020 828 0
754 4 0 1010 986 1020 996 0
1943 1 0 1886 1102 1896 1112 0
756 4 0 1012 1083 1022 1093 0
757 4 0 1012 1094 1022 1104 6.1658
758 11 0 1012 1185 1022 1195 0
1972 1 0 1928 1071 1938 1081 0
1911 1 0 1835 1091 1845 1101 2.2658
1967 1 0 1920 1072 1930 1082 0
806 1 0 1048 754 1058 764 0
763 10 0 1018 845 1028 855 0
764 10 0 1018 856 1028 866 0
765 10 0 1018 912 1028 922 0
1902 1 0 1811 1092 1821 1102 0
767 10 0 1019 915 1029 925 0
1947 1 0 1889 1083 1899 1093 0
1926 1 0 1865 943 1875 953 1.739
770 4 0 1020 1080 1030 1090 0
1922 1 0 1853 1081 1863 1091 2.9379
772 4 0 1022 990 1032 1000 0
773 4 0 1024 982 1034 992 1.6164
774 4 0 1025 655 1035 665 0
775 7 0 1026 645 1036 655 0
1938 1 0 1879 1094 1889 1104 0
803 1 0 1045 744 1055 754 0
1896 1 0 1803 1096 1813 1106 0
779 10 0 1029 860 1039 870 4.3695
780 4 0 1029 1184 1039 1194 0
1983 1 0 1963 964 1973 974 0
782 10 0 1031 919 1041 929 0
783 4 0 1031 1134 1041 1144 0
1978 1 0 1942 968 1952 978 0
785 4 0 1032 1073 1042 1083 2.0603
786 4 0 1032 1175 1042 1185 0
787 5 0 1036 662 1046 672 0
1936 1 0 1877 1080 1887 1090 0
1959 1 0 1918 969 1928 979 0
790 4 0 1036 1000 1046 1010 0
1956 1 0 1911 976 1921 986 0
811 1 0 1055 686 1065 696 0
1985 1 0 1968 1075 1978 1085 2.5806
1912 1 0 1836 933 1846 943 0
793 1 0 1037 736 1047 746 0
1925 1 0 1864 979 1874 989 0
1955 1 0 1911 964 1921 974 0
1940 1 0 1884 1073 1894 1083 0
799 4 0 1040 1095 1050 1105 1.8852
1945 1 0 1888 950 1898 960 0
801 4 0 1041 1080 1051 1090 0
802 4 0 1043 941 1053 951 0
1986 1 0 1969 1059 1979 1069 0
804 4 0 1046 1053 1056 1063 0
1898 1 0 1805 1077 1815 1087 1.518
791 1 0 1037 704 1047 714 1.8097
807 4 0 1049 1003 1059 1013 0
808 4 0 1054 640 1064 650 0
809 4 0 1054 648 1064 658 0
810 4 0 1054 1042 1064 1052 4.3624
795 1 0 1038 747 1048 757 0
812 4 0 1055 1141 1065 1151 0
813 4 0 1055 1151 1065 1161 2.9428
814 4 0 1056 1117 1066 1127 0
1953 1 0 1909 1072 1919 1082 0
1990 1 0 1994 1060 2004 1070 0
817 4 0 1058 1071 1068 1081 0
818 4 0 1058 1083 1068 1093 0
1894 1 0 1801 892 1811 902 0
820 10 0 1059 858 1069 868 0
821 4 0 1060 632 1070 642 0
822 4 0 1060 923 1070 933 0
823 10 0 1060 948 1070 958 0
1933 1 0 1875 954 1885 964 0
825 3 0 1060 1356 1070 1366 0
826 4 0 1061 915 1071 925 0
827 10 0 1061 933 1071 943 2.2955
828 10 0 1062 886 1072 896 0
1968 1 0 1921 988 1931 998 2.5529
792 1 0 1037 714 1047 724 0
831 4 0 1064 1042 1074 1052 0
832 5 0 1065 1186 1075 1196 0
788 1 0 1036 689 1046 699 0
834 5 0 1067 1076 1077 1086 1.5711
835 4 0 1068 871 1078 881 0
836 5 0 1068 1085 1078 1095 0
837 5 0 1068 1164 1078 1174 1.3674
838 4 0 1068 1198 1078 1208 0
1999 1 0 2011 967 2021 977 0
840 5 0 1071 831 1081 841 2.101
1782 1 0 1644 1070 1654 1080 0
842 4 0 1079 1019 1089 1029 2.0186
843 5 0 1081 812 1091 822 0
844 5 0 1083 840 1093 850 0
845 5 0 1085 778 1095 788 1.8707
846 4 0 1087 817 1097 827 0
847 7 0 1089 788 1099 798 0
848 4 0 1089 847 1099 857 0
849 7 0 1094 1230 1104 1240 2.8442
850 7 0 1098 756 1108 766 0
851 5 0 1098 821 1108 831 0
852 7 0 1099 788 1109 798 0
853 5 0 1099 811 1109 821 0
854 7 0 1100 769 1110 779 0
855 5 0 1100 881 1110 891 0
856 4 0 1101 867 1111 877 0
857 4 0 1101 1103 1111 1113 0
858 4 0 1101 1202 1111 1212 0
859 10 0 1102 1065 1112 1075 0
860 4 0 1102 1131 1112 1141 0
861 4 0 1102 1168 1112 1178 0
862 7 0 1102 1256 1112 1266 6.4532
863 5 0 1103 841 1113 851 0
864 4 0 1103 1173 1113 1183 0
865 5 0 1105 832 1115 842 6.9194
866 4 0 1105 935 1115 945 0
867 5 0 1106 723 1116 733 0
868 4 0 1106 1185 1116 1195 0
869 7 0 1106 1249 1116 1259 0
870 5 0 1107 712 1117 722 1.7845
871 7 0 1107 815 1117 825 0
872 4 0 1107 1080 1117 1090 0
873 4 0 1108 896 1118 906 7.2861
874 4 0 1108 959 1118 969 0
875 4 0 1108 1052 1118 1062 0
876 7 0 1108 1228 1118 1238 0
877 7 0 1108 1277 1118 1287 0
878 4 0 1109 885 1119 895 0
879 7 0 1110 1268 1120 1278 1.7184
880 4 0 1111 1114 1121 1124 0
881 7 0 1112 741 1122 751 0
882 4 0 1112 1166 1122 1176 0
883 7 0 1113 771 1123 781 0
884 4 0 1113 850 1123 860 0
885 3 0 1113 1284 1123 1294 0
886 7 0 1114 778 1124 788 1.8934
887 4 0 1114 862 1124 872 0
888 10 0 1114 1060 1124 1070 0
889 7 0 1114 1217 1124 1227 0
890 7 0 1114 1223 1124 1233 0
891 7 0 1114 1251 1124 1261 0
892 3 0 1114 1293 1124 1303 0
893 7 0 1115 734 1125 744 0
894 7 0 1115 750 1125 760 0
895 5 0 1115 1144 1125 1154 2.9288
896 7 0 1115 1209 1125 1219 0
897 7 0 1115 1227 1125 1237 0
898 7 0 1115 1237 1125 1247 0
899 7 0 1115 1258 1125 1268 0
900 4 0 1120 856 1130 866 0
901 3 0 1120 1305 1130 1315 0
902 7 0 1121 698 1131 708 1.4832
903 4 0 1121 884 1131 894 0
904 5 0 1121 961 1131 971 0
905 7 0 1121 1195 1131 1205 0
906 3 0 1121 1315 1131 1325 0
907 5 0 1122 954 1132 964 1.8991
908 3 0 1122 1286 1132 1296 0
909 7 0 1123 687 1133 697 0
910 7 0 1123 787 1133 797 0
911 5 0 1123 913 1133 923 0
912 4 0 1124 904 1134 914 0
913 4 0 1128 892 1138 902 0
914 10 0 1128 1080 1138 1090 0
915 7 0 1128 1252 1138 1262 0
916 3 0 1128 1310 1138 1320 0
917 7 0 1129 732 1139 742 2.1099
918 4 0 1129 843 1139 853 0
919 7 0 1129 1173 1139 1183 0
920 7 0 1129 1188 1139 1198 1.6311
921 3 0 1129 1296 1139 1306 0
922 7 0 1130 800 1140 810 0
923 7 0 1130 808 1140 818 0
924 7 0 1130 816 1140 826 0
925 7 0 1130 853 1140 863 0
926 10 0 1130 1020 1140 1030 0
927 7 0 1130 1242 1140 1252 4.7078
928 7 0 1131 722 1141 732 0
929 7 0 1131 765 1141 775 0
930 4 0 1131 832 1141 842 0
931 4 0 1131 1162 1141 1172 6.4478
932 4 0 1132 1123 1142 1133 0
933 7 0 1132 1179 1142 1189 0
934 5 0 1133 753 1143 763 0
935 5 0 1133 1108 1143 1118 3.9603
936 4 0 1133 1126 1143 1136 0
937 4 0 1134 1134 1144 1144 0
938 4 0 1134 1141 1144 1151 0
939 3 0 1134 1217 1144 1227 0
940 3 0 1135 1302 1145 1312 1.8168
941 5 0 1136 742 1146 752 0
942 4 0 1136 843 1146 853 0
943 5 0 1136 889 1146 899 0
944 5 0 1137 710 1147 720 1.5456
945 7 0 1138 796 1148 806 4.7545
946 4 0 1139 863 1149 873 0
947 3 0 1139 1227 1149 1237 0
948 7 0 1140 787 1150 797 0
949 10 0 1140 1071 1150 1081 0
950 7 0 1141 732 1151 742 0
951 7 0 1141 806 1151 816 0
952 3 0 1141 1197 1151 1207 0
953 4 0 1143 954 1153 964 0
954 5 0 1143 1125 1153 1135 0
955 3 0 1143 1245 1153 1255 0
956 4 0 1146 1139 1156 1149 0
957 5 0 1148 997 1158 1007 0
958 7 0 1149 1167 1159 1177 0
959 5 0 1150 708 1160 718 0
960 7 0 1150 732 1160 742 4.0324
961 7 0 1150 769 1160 779 0
962 7 0 1150 803 1160 813 0
963 7 0 1150 845 1160 855 0
964 5 0 1150 875 1160 885 0
965 10 0 1150 1066 1160 1076 0
966 3 0 1150 1235 1160 1245 0
967 4 0 1151 691 1161 701 0
968 7 0 1151 764 1161 774 0
969 7 0 1151 796 1161 806 2.694
970 5 0 1151 890 1161 900 0
971 5 0 1151 937 1161 947 0
972 7 0 1152 722 1162 732 0
973 4 0 1152 1122 1162 1132 0
974 7 0 1153 755 1163 765 0
975 3 0 1153 1221 1163 1231 0
976 7 0 1156 1187 1166 1197 0
977 4 0 1157 1137 1167 1147 0
978 3 0 1157 1197 1167 1207 0
979 4 0 1160 1155 1170 1165 0
980 10 0 1162 1037 1172 1047 0
981 4 0 1162 1112 1172 1122 0
982 10 0 1163 1102 1173 1112 2.8049
983 4 0 1166 845 1176 855 0
984 7 0 1167 804 1177 814 0
985 3 0 1168 756 1178 766 0
986 4 0 1168 881 1178 891 0
987 3 0 1169 743 1179 753 0
988 3 0 1170 735 1180 745 0
989 7 0 1170 769 1180 779 2.114
990 3 0 1170 1204 1180 1214 3.6611
991 3 0 1173 1242 1183 1252 0
992 4 0 1176 1136 1186 1146 0
993 4 0 1180 916 1190 926 0
994 4 0 1180 932 1190 942 0
995 10 0 1180 1019 1190 1029 0
996 3 0 1180 1205 1190 1215 0
997 10 0 1181 1049 1191 1059 0
998 4 0 1181 1140 1191 1150 0
999 7 0 1181 1178 1191 1188 0
1000 3 0 1181 1199 1191 1209 0
1001 3 0 1181 1230 1191 1240 0
1002 3 0 1181 1239 1191 1249 0
1003 4 0 1182 883 1192 893 0
1004 10 0 1182 1054 1192 1064 0
1005 10 0 1182 1097 1192 1107 0
1006 4 0 1182 1125 1192 1135 0
1007 3 0 1182 1214 1192 1224 0
1008 3 0 1183 808 1193 818 0
1009 3 0 1183 816 1193 826 0
1010 7 0 1183 837 1193 847 5.2344
1011 4 0 1183 870 1193 880 0
1012 7 0 1183 1164 1193 1174 0
1013 3 0 1184 820 1194 830 0
1014 10 0 1184 1106 1194 1116 0
1015 3 0 1186 753 1196 763 0
1016 3 0 1186 763 1196 773 0
1017 3 0 1186 777 1196 787 0
1018 3 0 1186 780 1196 790 0
1019 4 0 1186 854 1196 864 1.7618
1020 4 0 1188 877 1198 887 0
1021 5 0 1188 960 1198 970 0
1022 10 0 1189 998 1199 1008 0
1023 4 0 1189 1117 1199 1127 0
1024 3 0 1189 1240 1199 1250 0
1025 7 0 1190 1171 1200 1181 0
1026 5 0 1192 1139 1202 1149 0
1027 7 0 1194 1156 1204 1166 0
1028 10 0 1195 1053 1205 1063 0
1029 10 0 1195 1127 1205 1137 2.8306
1030 3 0 1196 733 1206 743 0
1031 3 0 1198 797 1208 807 0
1032 5 0 1198 934 1208 944 0
1033 3 0 1199 750 1209 760 4.172
1034 5 0 1200 863 1210 873 0
1035 4 0 1200 885 1210 895 0
1036 4 0 1200 928 1210 938 6.4279
1037 3 0 1201 806 1211 816 1.6208
1038 7 0 1201 834 1211 844 0
1039 5 0 1201 856 1211 866 0
1040 5 0 1201 873 1211 883 0
1041 3 0 1201 1239 1211 1249 0
1042 7 0 1202 818 1212 828 0
1043 7 0 1203 822 1213 832 0
1044 7 0 1204 1172 1214 1182 2.1774
1045 3 0 1205 1218 1215 1228 0
1046 5 0 1207 1155 1217 1165 2.258
1047 7 0 1208 839 1218 849 0
1048 5 0 1213 964 1223 974 0
1049 5 0 1213 1129 1223 1139 0
1050 3 0 1214 1197 1224 1207 2.6251
1051 3 0 1216 1221 1226 1231 0
1052 10 0 1217 1050 1227 1060 3.5996
1053 10 0 1217 1065 1227 1075 1.5601
1054 10 0 1218 1038 1228 1048 0
1055 4 0 1218 1156 1228 1166 0
1056 3 0 1218 1242 1228 1252 0
1057 4 0 1219 1139 1229 1149 1.7289
1058 3 0 1219 1251 1229 1261 0
1059 10 0 1220 1075 1230 1085 0
1060 10 0 1220 1091 1230 1101 0
1061 10 0 1220 1118 1230 1128 0
1062 3 0 1220 1182 1230 1192 0
1063 4 0 1222 841 1232 851 0
1064 4 0 1222 850 1232 860 0
1065 7 0 1223 746 1233 756 0
1066 4 0 1223 869 1233 879 0
1067 4 0 1223 916 1233 926 0
1068 4 0 1223 959 1233 969 5.2451
1069 3 0 1224 762 1234 772 1.4432
1070 3 0 1224 797 1234 807 0
1071 4 0 1224 935 1234 945 0
1072 3 0 1225 773 1235 783 0
1073 3 0 1225 783 1235 793 2.8634
1074 3 0 1225 817 1235 827 0
1075 4 0 1225 890 1235 900 0
1076 10 0 1226 1033 1236 1043 0
1077 4 0 1226 1133 1236 1143 0
1078 3 0 1227 832 1237 842 0
1079 10 0 1227 1002 1237 1012 1.6165
1080 10 0 1227 1070 1237 1080 0
1081 10 0 1227 1084 1237 1094 0
1082 10 0 1229 1052 1239 1062 0
1083 10 0 1231 1117 1241 1127 3.1575
1084 4 0 1231 1147 1241 1157 0
1085 10 0 1234 1001 1244 1011 0
1086 3 0 1236 821 1246 831 0
1087 10 0 1237 1000 1247 1010 0
1088 4 0 1239 920 1249 930 0
1089 3 0 1239 1155 1249 1165 0
1090 10 0 1240 1110 1250 1120 1.2804
1091 3 0 1241 758 1251 768 1.4853
1092 10 0 1241 1083 1251 1093 0
1093 3 0 1242 776 1252 786 0
1094 3 0 1242 779 1252 789 0
1095 3 0 1243 793 1253 803 0
1096 4 0 1244 858 1254 868 0
1097 10 0 1244 1019 1254 1029 0
1098 10 0 1245 964 1255 974 5.6098
1099 10 0 1245 1000 1255 1010 0
1100 4 0 1246 894 1256 904 1.485
1101 4 0 1246 979 1256 989 0
1102 3 0 1247 822 1257 832 0
1103 4 0 1247 879 1257 889 2.3059
1104 4 0 1247 903 1257 913 0
1105 4 0 1247 927 1257 937 0
1106 4 0 1248 915 1258 925 0
1107 10 0 1248 1037 1258 1047 0
1108 10 0 1248 1057 1258 1067 0
1109 10 0 1249 1066 1259 1076 0
1110 3 0 1249 1207 1259 1217 0
1111 10 0 1250 1090 1260 1100 0
1112 4 0 1250 1127 1260 1137 0
1113 10 0 1250 1138 1260 1148 1.8472
1114 3 0 1251 840 1261 850 0
1115 10 0 1251 1098 1261 1108 4.1328
1116 10 0 1251 1135 1261 1145 0
1117 3 0 1251 1240 1261 1250 0
1118 3 0 1252 804 1262 814 0
1119 3 0 1252 1152 1262 1162 0
1120 3 0 1253 781 1263 791 0
1121 3 0 1253 796 1263 806 0
1122 4 0 1253 888 1263 898 0
1123 10 0 1253 1004 1263 1014 0
1124 3 0 1254 763 1264 773 0
1125 3 0 1254 774 1264 784 1.9119
1126 3 0 1256 828 1266 838 0
1127 10 0 1256 1074 1266 1084 0
1128 5 0 1257 905 1267 915 0
1129 5 0 1258 876 1268 886 0
1130 4 0 1258 927 1268 937 0
1131 5 0 1261 894 1271 904 0
1132 5 0 1262 1112 1272 1122 0
1133 4 0 1263 866 1273 876 0
1134 5 0 1263 1097 1273 1107 0
1135 5 0 1264 851 1274 861 0
1136 5 0 1267 1002 1277 1012 0
1137 3 0 1267 1253 1277 1263 0
1138 5 0 1269 880 1279 890 1.3751
1139 5 0 1269 1128 1279 1138 3.0294
1140 10 0 1271 1071 1281 1081 0
1141 5 0 1272 1141 1282 1151 0
1142 3 0 1275 823 1285 833 0
1143 4 0 1275 890 1285 900 0
1144 10 0 1275 1032 1285 1042 0
1145 4 0 1276 897 1286 907 2.9894
1146 4 0 1277 948 1287 958 0
1147 10 0 1277 1055 1287 1065 0
1148 10 0 1278 970 1288 980 0
1149 3 0 1279 757 1289 767 0
1150 3 0 1279 843 1289 853 0
1151 4 0 1279 906 1289 916 0
1152 4 0 1279 960 1289 970 0
1153 3 0 1280 777 1290 787 0
1154 3 0 1280 861 1290 871 0
1155 4 0 1280 874 1290 884 0
1156 4 0 1280 913 1290 923 3.4341
1157 4 0 1281 1135 1291 1145 0
1158 3 0 1283 806 1293 816 0
1159 4 0 1283 926 1293 936 0
1160 10 0 1285 1053 1295 1063 0
1161 4 0 1285 1144 1295 1154 0
1162 10 0 1286 1083 1296 1093 0
1163 10 0 1288 1059 1298 1069 0
1164 3 0 1289 1178 1299 1188 1.5918
1165 3 0 1289 1187 1299 1197 1.8271
1166 10 0 1290 1045 1300 1055 0
1167 10 0 1290 1093 1300 1103 0
1168 3 0 1290 1199 1300 1209 0
1169 3 0 1290 1217 1300 1227 2.3416
1170 3 0 1290 1228 1300 1238 3.334
1171 3 0 1290 1239 1300 1249 2.667
1172 3 0 1290 1248 1300 1258 0
1173 10 0 1292 1039 1302 1049 0
1174 3 0 1292 1206 1302 1216 0
1175 5 0 1294 876 1304 886 0
1176 4 0 1296 905 1306 915 0
1177 11 0 1296 939 1306 949 0
1178 3 0 1297 1165 1307 1175 0
1179 3 0 1298 1185 1308 1195 0
1180 3 0 1299 1156 1309 1166 0
1181 4 0 1301 911 1311 921 0
1182 10 0 1302 1092 1312 1102 0
1183 3 0 1303 838 1313 848 0
1184 10 0 1303 1076 1313 1086 0
1185 5 0 1304 956 1314 966 1.771
1186 3 0 1305 818 1315 828 0
1187 11 0 1305 888 1315 898 0
1188 3 0 1306 1152 1316 1162 1.272
1189 3 0 1307 780 1317 790 0
1190 4 0 1307 862 1317 872 0
1191 5 0 1308 903 1318 913 0
1192 11 0 1308 932 1318 942 0
1193 10 0 1308 1092 1318 1102 0
1194 4 0 1308 1130 1318 1140 0
1195 3 0 1308 1175 1318 1185 0
1196 3 0 1308 1187 1318 1197 0
1197 10 0 1309 1100 1319 1110 0
1198 5 0 1309 1108 1319 1118 0
1199 4 0 1310 881 1320 891 0
1200 11 0 1310 918 1320 928 0
1201 3 0 1311 747 1321 757 0
1202 10 0 1311 1005 1321 1015 0
1203 10 0 1312 1070 1322 1080 0
1204 3 0 1312 1194 1322 1204 1.8438
1205 10 0 1317 1061 1327 1071 0
1206 5 0 1317 1137 1327 1147 0
1207 5 0 1318 1125 1328 1135 5.8864
1208 3 0 1320 1213 1330 1223 0
1209 3 0 1320 1216 1330 1226 0
1210 3 0 1321 813 1331 823 0
1211 4 0 1322 908 1332 918 0
1212 10 0 1322 1037 1332 1047 2.3608
1213 4 0 1323 969 1333 979 0
1214 3 0 1323 1172 1333 1182 0
1215 3 0 1324 802 1334 812 0
1216 5 0 1324 867 1334 877 0
1217 10 0 1324 1104 1334 1114 6.5279
1218 10 0 1325 1056 1335 1066 0
1219 3 0 1325 1205 1335 1215 0
1220 5 0 1326 883 1336 893 0
1221 4 0 1326 959 1336 969 0
1222 10 0 1326 1138 1336 1148 0
1223 4 0 1328 856 1338 866 0
1224 10 0 1329 893 1339 903 0
1225 4 0 1329 1146 1339 1156 0
1226 4 0 1329 1162 1339 1172 0
1227 3 0 1329 1228 1339 1238 0
1228 3 0 1330 835 1340 845 1.7584
1229 10 0 1330 1086 1340 1096 0
1230 10 0 1330 1115 1340 1125 0
1231 5 0 1331 869 1341 879 0
1232 10 0 1332 938 1342 948 0
1233 10 0 1332 1063 1342 1073 0
1234 4 0 1334 1126 1344 1136 0
1235 10 0 1335 1003 1345 1013 0
1236 4 0 1336 848 1346 858 0
1237 10 0 1336 924 1346 934 0
1238 4 0 1336 1154 1346 1164 0
1239 3 0 1337 779 1347 789 0
1240 10 0 1337 886 1347 896 0
1241 3 0 1337 1172 1347 1182 0
1443 0 0 1444 804 1454 814 0
1243 10 0 1339 1105 1349 1115 0
1244 3 0 1340 800 1350 810 0
1245 11 0 1341 946 1351 956 0
1246 3 0 1342 828 1352 838 0
1247 3 0 1342 837 1352 847 0
1248 10 0 1342 1066 1352 1076 0
1249 3 0 1343 757 1353 767 0
1250 3 0 1343 809 1353 819 0
1251 10 0 1343 932 1353 942 0
1252 10 0 1343 976 1353 986 0
1253 10 0 1343 1003 1353 1013 0
1254 10 0 1344 903 1354 913 0
1255 11 0 1344 955 1354 965 0
1256 3 0 1345 772 1355 782 0
1257 10 0 1347 1076 1357 1086 0
1258 3 0 1350 795 1360 805 0
1259 3 0 1350 816 1360 826 0
1260 5 0 1351 860 1361 870 3.2663
1261 10 0 1351 1001 1361 1011 0
1262 5 0 1353 885 1363 895 0
1263 10 0 1355 1110 1365 1120 2.4117
1264 10 0 1356 1136 1366 1146 1.5238
1265 3 0 1356 1187 1366 1197 0
1266 10 0 1357 1155 1367 1165 0
1267 10 0 1358 897 1368 907 7.4085
1268 10 0 1358 1163 1368 1173 0
1269 10 0 1359 1050 1369 1060 0
1270 3 0 1359 1253 1369 1263 0
1271 3 0 1360 1207 1370 1217 0
1272 3 0 1360 1279 1370 1289 0
1273 10 0 1361 930 1371 940 2.5074
1274 10 0 1361 1040 1371 1050 0
1275 10 0 1361 1113 1371 1123 0
1276 10 0 1361 1124 1371 1134 0
1277 10 0 1365 972 1375 982 0
1278 10 0 1367 898 1377 908 0
1279 10 0 1367 1049 1377 1059 0
1280 10 0 1368 1003 1378 1013 0
1281 10 0 1369 911 1379 921 0
1282 3 0 1370 1204 1380 1214 0
1283 10 0 1371 850 1381 860 0
1284 10 0 1371 1078 1381 1088 0
1285 3 0 1372 743 1382 753 0
1286 10 0 1372 888 1382 898 0
1287 11 0 1372 933 1382 943 0
1288 10 0 1373 924 1383 934 0
1921 1 0 1851 984 1861 994 0
1290 3 0 1375 765 1385 775 3.5673
1291 10 0 1375 1055 1385 1065 0
1292 10 0 1376 864 1386 874 1.661
1293 10 0 1377 923 1387 933 0
1294 11 0 1377 1020 1387 1030 0
1295 10 0 1377 1112 1387 1122 0
1296 4 0 1378 798 1388 808 0
1297 10 0 1378 1132 1388 1142 0
1298 3 0 1380 757 1390 767 0
1299 10 0 1381 1081 1391 1091 0
1300 10 0 1383 911 1393 921 0
1301 11 0 1383 968 1393 978 0
1302 3 0 1383 1225 1393 1235 4.5274
1303 3 0 1383 1256 1393 1266 1.7526
1304 5 0 1384 940 1394 950 0
1305 11 0 1384 1002 1394 1012 3.5519
1306 10 0 1384 1082 1394 1092 1.7644
1307 10 0 1384 1091 1394 1101 0
1308 10 0 1384 1169 1394 1179 0
1309 10 0 1384 1181 1394 1191 0
1310 4 0 1384 1202 1394 1212 0
1311 10 0 1385 856 1395 866 0
1312 10 0 1385 928 1395 938 0
1313 10 0 1385 1060 1395 1070 0
1314 10 0 1385 1147 1395 1157 0
1315 10 0 1385 1155 1395 1165 0
1316 4 0 1385 1213 1395 1223 0
1317 3 0 1385 1243 1395 1253 0
1434 0 0 1440 829 1450 839 0
1319 10 0 1387 874 1397 884 0
1320 10 0 1387 1052 1397 1062 0
1321 10 0 1387 1120 1397 1130 0
1322 4 0 1388 792 1398 802 0
1323 10 0 1388 921 1398 931 2.497
1324 10 0 1388 1068 1398 1078 1.5477
1325 10 0 1388 1104 1398 1114 0
1326 10 0 1388 1131 1398 1141 1.3264
1327 3 0 1390 755 1400 765 0
1328 11 0 1390 973 1400 983 0
1329 10 0 1391 985 1401 995 1.8021
1330 11 0 1392 941 1402 951 0
1331 10 0 1392 1036 1402 1046 0
1332 4 0 1392 1289 1402 1299 0
1333 10 0 1393 1086 1403 1096 0
1334 10 0 1394 861 1404 871 0
1335 10 0 1396 893 1406 903 1.7845
1336 11 0 1396 951 1406 961 0
1337 11 0 1396 962 1406 972 0
1461 0 0 1451 795 1461 805 0
1339 4 0 1397 1255 1407 1265 0
1340 3 0 1398 731 1408 741 0
1433 0 0 1440 817 1450 827 0
1342 10 0 1398 1154 1408 1164 3.3139
1343 10 0 1398 1163 1408 1173 0
1344 10 0 1398 1195 1408 1205 0
1345 10 0 1399 1039 1409 1049 2.2104
1346 10 0 1399 1075 1409 1085 0
1347 10 0 1399 1115 1409 1125 0
1348 10 0 1399 1182 1409 1192 0
1349 10 0 1399 1204 1409 1214 0
1350 3 0 1400 754 1410 764 0
1351 10 0 1400 1096 1410 1106 0
1352 4 0 1401 777 1411 787 0
1353 10 0 1401 1228 1411 1238 0
1354 10 0 1403 1106 1413 1116 2.4787
1355 10 0 1405 888 1415 898 0
1356 10 0 1405 927 1415 937 0
1357 11 0 1405 1220 1415 1230 0
1358 4 0 1406 1259 1416 1269 2.8459
1359 10 0 1407 876 1417 886 0
1360 10 0 1407 1082 1417 1092 0
1361 10 0 1407 1144 1417 1154 0
1362 3 0 1408 748 1418 758 0
1363 4 0 1408 780 1418 790 0
1364 10 0 1408 1034 1418 1044 0
1365 10 0 1408 1072 1418 1082 0
1366 10 0 1408 1168 1418 1178 0
1367 5 0 1409 793 1419 803 1.5955
1430 0 0 1439 812 1449 822 0
1501 0 0 1471 811 1481 821 0
1370 10 0 1409 904 1419 914 0
1371 10 0 1409 1001 1419 1011 0
1372 3 0 1409 1273 1419 1283 0
1373 4 0 1410 762 1420 772 0
1392 0 0 1418 832 1428 842 0
1375 10 0 1410 869 1420 879 0
1376 4 0 1411 770 1421 780 0
1377 10 0 1411 887 1421 897 1.7862
1378 10 0 1412 945 1422 955 0
1379 10 0 1412 1094 1422 1104 0
1380 10 0 1412 1135 1422 1145 0
1381 10 0 1412 1194 1422 1204 0
1382 4 0 1412 1288 1422 1298 0
1383 7 0 1413 732 1423 742 0
1504 0 0 1472 804 1482 814 0
1385 10 0 1413 1185 1423 1195 0
1386 11 0 1414 1229 1424 1239 0
1387 4 0 1414 1250 1424 1260 3.5553
1388 10 0 1416 919 1426 929 0
1389 4 0 1416 974 1426 984 0
1390 10 0 1416 1202 1426 1212 1.7067
1391 11 0 1417 985 1427 995 0
1394 0 0 1419 824 1429 834 0
1393 10 0 1418 1111 1428 1121 0
1503 0 0 1472 797 1482 807 0
1502 0 0 1472 785 1482 795 0
1396 10 0 1419 871 1429 881 0
1397 10 0 1419 1081 1429 1091 0
1398 10 0 1419 1099 1429 1109 0
1399 10 0 1419 1124 1429 1134 0
1374 0 0 1410 820 1420 830 0
1401 10 0 1420 1047 1430 1057 0
1402 10 0 1420 1056 1430 1066 0
1403 10 0 1421 897 1431 907 0
1404 11 0 1423 757 1433 767 0
1405 5 0 1423 944 1433 954 0
1406 11 0 1426 733 1436 743 0
1407 10 0 1428 1091 1438 1101 2.6773
1408 10 0 1428 1133 1438 1143 0
1409 10 0 1432 874 1442 884 0
1920 1 0 1851 977 1861 987 0
1411 10 0 1432 1111 1442 1121 0
1412 10 0 1432 1240 1442 1250 0
1384 0 0 1413 839 1423 849 1.9517
1414 4 0 1433 1003 1443 1013 0
1415 11 0 1433 1196 1443 1206 1.7441
1416 11 0 1434 939 1444 949 0
1417 11 0 1434 954 1444 964 0
1418 10 0 1435 913 1445 923 0
1419 11 0 1435 958 1445 968 0
1420 4 0 1435 963 1445 973 0
1421 10 0 1435 1104 1445 1114 2.9822
1422 11 0 1435 1223 1445 1233 2.1476
1880 1 0 1771 951 1781 961 0
1424 10 0 1436 1077 1446 1087 3.7277
1425 10 0 1436 1145 1446 1155 0
1426 10 0 1436 1159 1446 1169 0
1427 4 0 1437 995 1447 1005 0
1428 4 0 1438 986 1448 996 0
1429 11 0 1438 1173 1448 1183 0
1536 0 0 1490 821 1500 831 0
1431 10 0 1439 1134 1449 1144 0
796 1 0 1038 755 1048 765 0
1400 0 0 1420 811 1430 821 0
1544 0 0 1493 793 1503 803 0
1368 0 0 1409 810 1419 820 0
1436 10 0 1440 894 1450 904 0
1437 4 0 1440 1018 1450 1028 1.7356
1438 11 0 1442 761 1452 771 0
1439 4 0 1442 902 1452 912 0
1440 10 0 1442 1040 1452 1050 0
1441 11 0 1443 727 1453 737 0
1510 0 0 1473 775 1483 785 1.6198
1542 0 0 1492 804 1502 814 0
1444 10 0 1444 928 1454 938 0
1445 11 0 1444 941 1454 951 0
1446 10 0 1445 1247 1455 1257 0
1447 10 0 1445 1257 1455 1267 0
1448 5 0 1446 1077 1456 1087 5.2365
1449 10 0 1446 1232 1456 1242 0
1450 11 0 1447 1173 1457 1183 0
1451 5 0 1447 1187 1457 1197 7.3439
1452 5 0 1447 1198 1457 1208 0
1453 11 0 1447 1223 1457 1233 0
1454 6 0 1448 1144 1458 1154 0
1455 11 0 1448 1180 1458 1190 0
1456 11 0 1449 738 1459 748 6.5232
1457 5 0 1449 987 1459 997 0
1458 10 0 1450 1104 1460 1114 0
1459 6 0 1450 1124 1460 1134 0
1460 11 0 1451 756 1461 766 0
1338 0 0 1397 833 1407 843 0
1462 6 0 1451 1128 1461 1138 0
1463 6 0 1452 875 1462 885 0
1929 1 0 1868 970 1878 980 0
1465 10 0 1453 917 1463 927 0
839 1 0 1069 760 1079 770 0
1467 10 0 1453 1063 1463 1073 0
1468 10 0 1454 1047 1464 1057 0
1469 10 0 1454 1238 1464 1248 2.703
1470 11 0 1454 1271 1464 1281 0
1341 0 0 1398 821 1408 831 0
1472 5 0 1455 1026 1465 1036 0
1473 10 0 1455 1035 1465 1045 0
1474 4 0 1456 1003 1466 1013 0
1475 11 0 1458 741 1468 751 0
1476 4 0 1458 1108 1468 1118 0
1477 11 0 1458 1258 1468 1268 0
1478 6 0 1461 1124 1471 1134 0
1479 6 0 1461 1132 1471 1142 0
1480 4 0 1462 756 1472 766 0
1481 4 0 1462 1029 1472 1039 2.3719
1482 10 0 1462 1094 1472 1104 0
1483 11 0 1462 1233 1472 1243 2.5507
1484 11 0 1464 1202 1474 1212 0
1485 11 0 1464 1247 1474 1257 0
1486 11 0 1464 1263 1474 1273 0
1487 6 0 1465 905 1475 915 0
1488 10 0 1465 915 1475 925 0
1489 11 0 1465 1182 1475 1192 0
1490 6 0 1466 889 1476 899 0
1491 11 0 1466 1041 1476 1051 0
1492 10 0 1466 1085 1476 1095 0
1493 6 0 1466 1145 1476 1155 6.5813
1494 11 0 1466 1189 1476 1199 0
1495 11 0 1466 1243 1476 1253 0
1496 11 0 1467 1272 1477 1282 0
1497 5 0 1469 1114 1479 1124 2.1037
1498 6 0 1470 857 1480 867 1.7695
1499 6 0 1470 866 1480 876 0
1500 11 0 1470 1212 1480 1222 0
1563 0 0 1505 798 1515 808 0
1442 0 0 1443 783 1453 793 0
1566 0 0 1506 808 1516 818 0
1471 0 0 1455 847 1465 857 0
1505 6 0 1472 892 1482 902 0
1941 1 0 1885 984 1895 994 0
1507 4 0 1472 1005 1482 1015 0
1508 10 0 1472 1051 1482 1061 0
1800 1 0 1665 1072 1675 1082 0
1318 0 0 1386 835 1396 845 0
1966 1 0 1920 1051 1930 1061 0
1512 6 0 1476 1133 1486 1143 0
1513 11 0 1476 1200 1486 1210 0
1514 11 0 1476 1228 1486 1238 0
1515 11 0 1476 1241 1486 1251 0
1516 4 0 1477 1019 1487 1029 0
1517 4 0 1478 986 1488 996 0
1518 10 0 1478 1064 1488 1074 0
1519 6 0 1478 1094 1488 1104 0
1520 11 0 1478 1178 1488 1188 0
1521 11 0 1479 1039 1489 1049 0
1522 11 0 1479 1122 1489 1132 0
1915 1 0 1841 958 1851 968 0
1524 6 0 1480 1102 1490 1112 2.1872
1525 6 0 1480 1142 1490 1152 0
1526 10 0 1481 1048 1491 1058 0
1527 4 0 1483 733 1493 743 0
1528 6 0 1483 878 1493 888 0
1529 11 0 1483 933 1493 943 0
1530 6 0 1484 869 1494 879 0
1531 10 0 1484 1082 1494 1092 0
1532 6 0 1487 852 1497 862 0
1889 1 0 1787 954 1797 964 3.2067
1534 4 0 1488 1256 1498 1266 0
1535 6 0 1489 1097 1499 1107 0
1413 0 0 1433 853 1443 863 0
1537 6 0 1490 862 1500 872 0
1538 6 0 1490 1093 1500 1103 0
1539 6 0 1490 1112 1500 1122 0
1906 1 0 1822 928 1832 938 0
1541 6 0 1491 1169 1501 1179 0
1369 0 0 1409 852 1419 862 0
1543 11 0 1493 767 1503 777 0
1435 0 0 1440 856 1450 866 0
1545 6 0 1493 1160 1503 1170 0
1546 10 0 1493 1225 1503 1235 0
1547 6 0 1494 1122 1504 1132 0
1548 6 0 1494 1153 1504 1163 0
1549 4 0 1494 1267 1504 1277 6.554
1550 5 0 1495 1004 1505 1014 0
1551 4 0 1496 1022 1506 1032 0
1552 6 0 1496 1065 1506 1075 0
1553 6 0 1496 1135 1506 1145 0
1554 6 0 1497 1105 1507 1115 0
1555 6 0 1498 1052 1508 1062 0
1556 5 0 1500 987 1510 997 0
1557 6 0 1501 902 1511 912 0
1558 11 0 1501 1181 1511 1191 0
1559 6 0 1502 918 1512 928 0
1560 11 0 1503 1201 1513 1211 0
1883 1 0 1772 940 1782 950 0
1562 11 0 1504 1215 1514 1225 0
1395 0 0 1419 861 1429 871 0
1564 6 0 1505 893 1515 903 0
1565 0 0 1506 786 1516 796 0
1242 0 0 1339 860 1349 870 0
1567 11 0 1506 881 1516 891 0
1987 1 0 1981 1057 1991 1067 0
1569 5 0 1506 1026 1516 1036 0
1570 11 0 1506 1122 1516 1132 0
1571 6 0 1506 1150 1516 1160 0
1572 6 0 1506 1156 1516 1166 0
1573 6 0 1506 1165 1516 1175 0
1574 11 0 1506 1172 1516 1182 2.3559
1575 11 0 1506 1192 1516 1202 0
1576 6 0 1507 933 1517 943 0
1577 5 0 1507 1007 1517 1017 0
1578 4 0 1507 1020 1517 1030 0
1579 6 0 1507 1117 1517 1127 0
1580 11 0 1508 945 1518 955 0
1581 10 0 1508 1082 1518 1092 0
1582 11 0 1508 1133 1518 1143 0
1910 1 0 1834 1046 1844 1056 0
1971 1 0 1928 1050 1938 1060 0
1585 10 0 1509 1092 1519 1102 1.6699
1586 6 0 1510 1052 1520 1062 0
1587 11 0 1511 1245 1521 1255 0
1588 11 0 1512 862 1522 872 0
1589 11 0 1512 986 1522 996 1.9022
1914 1 0 1839 976 1849 986 0
1591 6 0 1512 1105 1522 1115 0
1592 6 0 1514 908 1524 918 0
1593 6 0 1517 896 1527 906 0
1594 4 0 1519 772 1529 782 0
1595 10 0 1519 1005 1529 1015 0
1596 10 0 1520 1079 1530 1089 0
1597 11 0 1521 786 1531 796 0
1997 1 0 2008 1066 2018 1076 1.6672
1599 5 0 1521 1027 1531 1037 0
1930 1 0 1872 1039 1882 1049 0
1601 10 0 1521 1057 1531 1067 0
1602 10 0 1521 1091 1531 1101 0
1603 6 0 1522 1116 1532 1126 0
1604 11 0 1523 939 1533 949 0
1605 6 0 1523 1139 1533 1149 0
1606 6 0 1524 876 1534 886 0
1607 6 0 1524 1155 1534 1165 0
1608 6 0 1525 931 1535 941 0
1609 11 0 1525 974 1535 984 2.4081
1610 6 0 1525 1183 1535 1193 0
1611 11 0 1525 1248 1535 1258 0
1612 10 0 1527 1065 1537 1075 0
1993 1 0 2002 1055 2012 1065 0
1614 6 0 1531 906 1541 916 0
1615 10 0 1531 1009 1541 1019 0
1616 6 0 1531 1167 1541 1177 1.6161
1617 6 0 1532 854 1542 864 0
1792 1 0 1650 920 1660 930 0
1619 11 0 1533 780 1543 790 0
1620 11 0 1533 807 1543 817 0
1621 6 0 1533 824 1543 834 0
1622 6 0 1533 847 1543 857 1.3
1623 6 0 1533 1175 1543 1185 0
1624 4 0 1534 753 1544 763 0
1625 6 0 1534 878 1544 888 0
1626 6 0 1534 934 1544 944 0
1927 1 0 1865 993 1875 1003 0
1628 11 0 1535 786 1545 796 0
1629 6 0 1536 1115 1546 1125 1.6496
1630 6 0 1538 869 1548 879 0
1631 6 0 1538 896 1548 906 0
1632 4 0 1540 1007 1550 1017 0
1633 10 0 1540 1048 1550 1058 0
1634 6 0 1541 906 1551 916 0
1635 6 0 1542 912 1552 922 0
1636 6 0 1542 934 1552 944 0
1924 1 0 1854 968 1864 978 2.8322
1984 1 0 1968 1049 1978 1059 0
1639 11 0 1543 789 1553 799 0
1640 6 0 1543 847 1553 857 0
1641 6 0 1543 1098 1553 1108 0
1642 6 0 1544 1124 1554 1134 0
1643 6 0 1544 1141 1554 1151 0
1644 6 0 1544 1151 1554 1161 0
1645 6 0 1544 1162 1554 1172 0
1646 6 0 1544 1175 1554 1185 0
1647 10 0 1545 1063 1555 1073 0
1648 6 0 1545 1134 1555 1144 0
1649 6 0 1546 829 1556 839 2.42
1918 1 0 1847 1049 1857 1059 0
1651 6 0 1547 1110 1557 1120 0
1652 11 0 1548 816 1558 826 3.025
1653 6 0 1548 885 1558 895 0
1897 1 0 1804 964 1814 974 0
1655 11 0 1550 913 1560 923 0
1917 1 0 1846 1057 1856 1067 0
1657 6 0 1552 901 1562 911 0
1658 6 0 1553 862 1563 872 0
1659 11 0 1553 936 1563 946 0
1660 11 0 1554 927 1564 937 0
1854 1 0 1727 1055 1737 1065 1.6247
1662 6 0 1559 1215 1569 1225 0
1663 10 0 1560 1041 1570 1051 0
1664 6 0 1560 1174 1570 1184 0
1665 6 0 1560 1207 1570 1217 0
1666 11 0 1560 1232 1570 1242 0
1667 11 0 1560 1236 1570 1246 0
1668 6 0 1561 1104 1571 1114 0
1669 11 0 1562 936 1572 946 0
1670 6 0 1562 1196 1572 1206 0
777 1 0 1027 703 1037 713 0
1672 11 0 1565 979 1575 989 0
1673 6 0 1565 1146 1575 1156 0
1674 6 0 1565 1154 1575 1164 0
1675 6 0 1568 901 1578 911 0
1962 1 0 1919 1029 1929 1039 0
1677 6 0 1569 824 1579 834 0
1678 11 0 1569 938 1579 948 0
1931 1 0 1874 966 1884 976 0
1680 11 0 1569 1062 1579 1072 0
1934 1 0 1875 992 1885 1002 0
1682 6 0 1571 890 1581 900 0
1683 6 0 1572 848 1582 858 0
1684 6 0 1573 874 1583 884 0
1685 10 0 1574 1043 1584 1053 0
1686 10 0 1574 1047 1584 1057 0
1687 10 0 1574 1083 1584 1093 0
1688 11 0 1575 818 1585 828 0
1689 6 0 1575 1184 1585 1194 0
1690 11 0 1576 1027 1586 1037 0
1691 6 0 1576 1201 1586 1211 0
1692 11 0 1577 1056 1587 1066 0
1693 6 0 1577 1156 1587 1166 0
1694 11 0 1578 809 1588 819 0
1789 1 0 1648 930 1658 940 0
1696 11 0 1579 796 1589 806 0
1697 6 0 1579 909 1589 919 0
1698 10 0 1579 1121 1589 1131 0
1699 6 0 1580 930 1590 940 0
1700 10 0 1580 1036 1590 1046 0
1701 10 0 1580 1099 1590 1109 0
1702 11 0 1581 979 1591 989 0
1703 11 0 1581 1004 1591 1014 3.1752
1704 6 0 1582 862 1592 872 1.7398
1705 6 0 1584 855 1594 865 0
1961 1 0 1919 996 1929 1006 0
1707 6 0 1587 844 1597 854 0
1893 1 0 1800 1050 1810 1060 0
1709 11 0 1588 809 1598 819 0
1710 10 0 1588 1072 1598 1082 0
1711 10 0 1590 1057 1600 1067 0
1712 10 0 1590 1115 1600 1125 0
1713 6 0 1590 1131 1600 1141 0
1714 6 0 1590 1149 1600 1159 0
1715 6 0 1590 1203 1600 1213 3.2364
1716 6 0 1590 1225 1600 1235 0
1717 11 0 1591 1048 1601 1058 0
1718 11 0 1592 785 1602 795 0
2001 1 0 2020 979 2030 989 2.3351
1720 6 0 1593 1214 1603 1224 0
1721 5 0 1594 975 1604 985 0
1722 6 0 1595 904 1605 914 0
1957 1 0 1911 1019 1921 1029 0
1944 1 0 1887 1057 1897 1067 0
1725 6 0 1600 888 1610 898 0
1876 1 0 1768 1072 1778 1082 0
1727 11 0 1601 932 1611 942 0
776 1 0 1026 727 1036 737 0
1729 6 0 1603 803 1613 813 0
1730 6 0 1603 826 1613 836 0
1731 6 0 1603 841 1613 851 0
1994 1 0 2004 977 2014 987 0
1733 11 0 1603 927 1613 937 0
1734 6 0 1603 1171 1613 1181 0
1735 11 0 1604 1007 1614 1017 5.1275
1736 6 0 1605 817 1615 827 0
1737 6 0 1607 895 1617 905 0
1738 11 0 1610 968 1620 978 0
1739 6 0 1613 1200 1623 1210 0
1740 11 0 1614 974 1624 984 0
1741 6 0 1614 1158 1624 1168 0
1742 6 0 1614 1213 1624 1223 0
1870 1 0 1754 959 1764 969 0
1744 10 0 1615 1132 1625 1142 0
1977 1 0 1940 988 1950 998 0
1746 11 0 1616 1146 1626 1156 2.1067
1892 1 0 1800 1037 1810 1047 0
1810 1 0 1675 947 1685 957 0
1875 1 0 1765 1085 1775 1095 0
1750 6 0 1619 886 1629 896 0
1855 1 0 1727 1065 1737 1075 0
1975 1 0 1938 1003 1948 1013 0
1908 1 0 1824 978 1834 988 0
1754 6 0 1620 868 1630 878 0
1755 6 0 1621 799 1631 809 1.49
1756 6 0 1621 809 1631 819 0
1757 6 0 1621 843 1631 853 0
1758 6 0 1622 852 1632 862 0
1759 6 0 1622 860 1632 870 0
1760 10 0 1622 1096 1632 1106 0
1877 1 0 1769 1042 1779 1052 0
1958 1 0 1916 1019 1926 1029 0
1942 1 0 1886 1044 1896 1054 0
1998 1 0 2010 979 2020 989 0
1765 6 0 1631 811 1641 821 0
1907 1 0 1822 1036 1832 1046 0
1767 10 0 1631 1107 1641 1117 1.5523
762 1 0 1018 765 1028 775 0
1769 10 0 1635 1094 1645 1104 0
1770 6 0 1637 860 1647 870 0
1991 1 0 1996 980 2006 990 0
1772 4 0 1639 962 1649 972 0
1773 6 0 1640 1200 1650 1210 0
1774 6 0 1641 850 1651 860 0
841 1 0 1073 773 1083 783 0
1776 11 0 1641 1151 1651 1161 0
1777 11 0 1642 1128 1652 1138 0
1778 11 0 1642 1141 1652 1151 0
1779 10 0 1643 1045 1653 1055 0
1780 10 0 1643 1053 1653 1063 0
1781 10 0 1644 1059 1654 1069 0
1858 1 0 1729 1047 1739 1057 0
1783 10 0 1645 1094 1655 1104 2.9252
1784 10 0 1645 1100 1655 1110 0
1785 11 0 1646 951 1656 961 0
1786 6 0 1647 816 1657 826 0
1787 6 0 1648 855 1658 865 2.4952
1762 1 0 1623 936 1633 946 0
1888 1 0 1785 904 1795 914 0
1790 11 0 1648 966 1658 976 0
1791 11 0 1649 869 1659 879 0
781 1 0 1030 711 1040 721 0
1793 11 0 1650 1009 1660 1019 0
1794 6 0 1652 836 1662 846 0
1795 6 0 1654 848 1664 858 3.4087
1796 6 0 1656 818 1666 828 0
1797 10 0 1657 1059 1667 1069 0
1881 1 0 1772 903 1782 913 1.8207
1799 11 0 1658 1008 1668 1018 0
1890 1 0 1794 933 1804 943 0
1801 11 0 1669 1007 1679 1017 2.4919
1802 6 0 1670 848 1680 858 0
1803 11 0 1670 867 1680 877 0
1804 11 0 1670 924 1680 934 0
1805 11 0 1671 888 1681 898 0
1806 6 0 1672 842 1682 852 2.4067
1807 11 0 1672 897 1682 907 3.5386
1808 6 0 1673 817 1683 827 0
1841 1 0 1707 1086 1717 1096 0
1982 1 0 1962 1046 1972 1056 1.3517
1811 11 0 1676 973 1686 983 0
1904 1 0 1815 1053 1825 1063 3.9281
1813 11 0 1677 1126 1687 1136 0
1814 11 0 1678 919 1688 929 0
1815 11 0 1678 1009 1688 1019 2.0937
1935 1 0 1875 998 1885 1008 0
1817 11 0 1679 926 1689 936 0
1818 11 0 1679 1002 1689 1012 2.4542
1819 10 0 1683 1069 1693 1079 0
1820 6 0 1685 838 1695 848 0
1821 11 0 1685 861 1695 871 2.2405
1868 1 0 1744 953 1754 963 0
1823 11 0 1685 1156 1695 1166 0
1824 11 0 1686 899 1696 909 0
1825 11 0 1686 1127 1696 1137 0
1826 11 0 1687 1115 1697 1125 1.8541
1827 6 0 1688 851 1698 861 0
1886 1 0 1784 899 1794 909 0
1829 6 0 1696 857 1706 867 0
1830 6 0 1697 847 1707 857 0
1831 11 0 1698 881 1708 891 0
1832 11 0 1698 900 1708 910 0
778 1 0 1027 1246 1037 1256 0
1627 1 0 1534 1030 1544 1040 0
1835 11 0 1699 891 1709 901 0
1879 1 0 1770 961 1780 971 0
1837 6 0 1702 840 1712 850 0
1838 11 0 1707 862 1717 872 0
1839 11 0 1707 889 1717 899 0
1865 1 0 1733 973 1743 983 0
784 1 0 1031 1237 1041 1247 0
1842 11 0 1708 914 1718 924 0
1846 1 0 1714 1061 1724 1071 0
1844 6 0 1710 1183 1720 1193 0
1843 1 0 1708 1054 1718 1064 0
794 1 0 1038 671 1048 681 0
1847 11 0 1714 1150 1724 1160 2.8639
1848 11 0 1716 1145 1726 1155 0
789 1 0 1036 774 1046 784 0
1850 11 0 1717 1136 1727 1146 3.115
1834 1 0 1698 1090 1708 1100 0
1887 1 0 1784 912 1794 922 0
1878 1 0 1769 1055 1779 1065 0
1905 1 0 1819 965 1829 975 0
1864 1 0 1732 1125 1742 1135 0
1856 11 0 1727 1135 1737 1145 0
1885 1 0 1773 897 1783 907 0
741 1 0 1002 749 1012 759 0
1859 11 0 1730 865 1740 875 0
1860 11 0 1730 886 1740 896 0
1747 1 0 1617 1066 1627 1076 0
1872 1 0 1756 933 1766 943 0
769 1 0 1019 1283 1029 1293 0
1775 1 0 1641 895 1651 905 0
1969 1 0 1928 1006 1938 1016 0
1866 11 0 1737 871 1747 881 0
1867 5 0 1743 925 1753 935 0
1798 1 0 1658 949 1668 959 0
1812 1 0 1676 1099 1686 1109 0
1650 1 0 1547 951 1557 961 0
1869 1 0 1750 974 1760 984 1.5933
1590 1 0 1512 1040 1522 1050 1.7611
1873 11 0 1757 903 1767 913 0
1681 1 0 1569 1072 1579 1082 0
1862 1 0 1731 952 1741 962 0
1937 1 0 1878 1055 1888 1065 0
1828 1 0 1693 1051 1703 1061 3.5864
748 1 0 1008 1316 1018 1326 0
1708 1 0 1587 915 1597 925 0
761 1 0 1017 727 1027 737 0
745 1 0 1005 1284 1015 1294 0
1989 1 0 1985 986 1995 996 0
1939 1 0 1881 1035 1891 1045 0
1884 11 0 1773 887 1783 897 0
1749 1 0 1618 1080 1628 1090 0
1980 1 0 1951 1037 1961 1047 0
1753 1 0 1619 1084 1629 1094 0
1849 1 0 1717 959 1727 969 0
1874 1 0 1757 913 1767 923 0
1863 1 0 1732 965 1742 975 0
1852 1 0 1719 1093 1729 1103 0
1861 1 0 1730 1041 1740 1051 0
760 1 0 1017 704 1027 714 0
1816 1 0 1678 1056 1688 1066 2.0637
771 1 0 1021 1270 1031 1280 0
1851 1 0 1719 970 1729 980 0
1970 1 0 1928 1028 1938 1038 0
1960 1 0 1918 1004 1928 1014 0
1909 1 0 1824 1016 1834 1026 0
1748 1 0 1618 904 1628 914 0
1899 1 0 1806 1019 1816 1029 2.59
766 1 0 1019 693 1029 703 0
1763 1 0 1623 1065 1633 1075 5.1326
1568 1 0 1506 975 1516 985 0
768 1 0 1019 1254 1029 1264 0
1932 1 0 1874 1019 1884 1029 0
1871 1 0 1755 925 1765 935 0
1533 1 0 1487 960 1497 970 0
1432 1 0 1439 1274 1449 1284 0
1671 1 0 1564 1094 1574 1104 2.5182
723 1 0 995 793 1005 803 0
759 1 0 1015 1253 1025 1263 0
1822 1 0 1685 1065 1695 1075 0
1618 1 0 1532 946 1542 956 3.1549
1661 1 0 1555 961 1565 971 0
1561 1 0 1504 1039 1514 1049 0
805 1 0 1046 1241 1056 1251 0
800 1 0 1041 792 1051 802 0
736 1 0 998 1233 1008 1243 0
1584 1 0 1509 1066 1519 1076 0
1995 1 0 2004 1042 2014 1052 0
1732 1 0 1603 907 1613 917 4.0597
1840 1 0 1707 956 1717 966 0
1676 1 0 1568 1091 1578 1101 1.9384
1853 1 0 1726 1098 1736 1108 0
1981 1 0 1957 1019 1967 1029 0
2004 1 0 2034 1014 2044 1024 0
1946 1 0 1888 1006 1898 1016 1.889
2002 1 0 2028 995 2038 1005 0
1654 1 0 1549 1029 1559 1039 0
1706 1 0 1586 949 1596 959 0
1809 1 0 1673 933 1683 943 0
1900 1 0 1809 999 1819 1009 0
1723 1 0 1595 960 1605 970 6.6322
1743 1 0 1615 946 1625 956 0
1882 1 0 1772 920 1782 930 0
819 1 0 1058 1275 1068 1285 4.533
2003 1 0 2029 1020 2039 1030 0
1836 1 0 1699 962 1709 972 0
830 1 0 1064 661 1074 671 0
1752 1 0 1619 1054 1629 1064 0
1600 1 0 1521 1047 1531 1057 0
1598 1 0 1521 958 1531 968 1.5375
1613 1 0 1529 960 1539 970 0
709 1 0 984 719 994 729 0
1771 1 0 1637 1117 1647 1127 0
1768 1 0 1632 905 1642 915 0
1523 1 0 1479 1249 1489 1259 0
1764 1 0 1627 920 1637 930 0
1637 1 0 1542 964 1552 974 0
1583 1 0 1509 961 1519 971 0
1464 1 0 1452 976 1462 986 0
1954 1 0 1910 1010 1920 1020 0
1638 1 0 1542 980 1552 990 0
1726 1 0 1601 914 1611 924 0
1845 1 0 1713 929 1723 939 0
1761 1 0 1623 901 1633 911 1.6921
701 1 0 979 1238 989 1248 0
742 1 0 1005 695 1015 705 0
1289 1 0 1374 811 1384 821 4.4119
1506 1 0 1472 971 1482 981 0
720 1 0 991 1297 1001 1307 0
824 1 0 1060 1286 1070 1296 0
1410 1 0 1432 1042 1442 1052 1.6927
1833 1 0 1698 917 1708 927 0
829 1 0 1062 1333 1072 1343 0
1788 1 0 1648 899 1658 909 0
1751 1 0 1619 1043 1629 1053 0
705 1 0 981 1271 991 1281 0
703 1 0 980 1288 990 1298 2.4935
1992 1 0 1997 994 2007 1004 0
1540 1 0 1491 1043 1501 1053 0
1679 1 0 1569 954 1579 964 0
702 1 0 979 1250 989 1260 1.5937
1996 1 0 2008 1022 2018 1032 0
1656 1 0 1551 976 1561 986 0
647 1 0 917 1096 927 1106 0
1509 1 0 1473 760 1483 770 0
1466 1 0 1453 967 1463 977 0
1988 1 0 1983 1012 1993 1022 0
1719 1 0 1592 1083 1602 1093 0
731 1 0 997 1245 1007 1255 0
1695 1 0 1578 942 1588 952 2.3904
708 1 0 982 1220 992 1230 0
1511 1 0 1474 962 1484 972 0
1728 1 0 1601 943 1611 953 0
752 1 0 1009 1232 1019 1242 0
1745 1 0 1616 1119 1626 1129 0
1423 1 0 1435 1285 1445 1295 1.7894
707 1 0 982 1202 992 1212 0
1724 1 0 1596 1095 1606 1105 0
716 1 0 987 1213 997 1223 0
1857 1 0 1728 1008 1738 1018 0
797 1 0 1038 1215 1048 1225 0
755 1 0 1011 1208 1021 1218 0
1766 1 0 1631 1009 1641 1019 2.1482
682 1 0 963 847 973 857 1.5626
798 1 0 1039 1187 1049 1197 1.8983
833 1 0 1066 1309 1076 1319 0
2000 11 0 2011 1003 2021 1013 1.6768
816 1 0 1057 1229 1067 1239 0
815 1 0 1057 1221 1067 1231 0
658 1 0 926 1155 936 1165 1.862
1891 1 0 1796 1003 1806 1013 0
